"PointMut_ID"	"Parental_1or2"	"Chr"	"Ref_pos"	"Phys_pos"	"Delta"	"Copy_number"	"Gene_name"	"MalfunctionedByPointMut"	"mut_order"	"N_speckled_normal"	"N_primary"	"N_metastatic"	"Copy_number_A"	"N_speckled_normal_total"	"N_primary_total"	"N_metastatic_total"
1	1	12	25225695	"[25225695]"	"[0]"	1	"KRAS"	TRUE	1	0	11306	107717	1	0	11306	107728
5	2	5	112819270	"[112819270]"	"[0]"	1	"APC"	FALSE	6	0	3	0	1	0	11306	107728
9	1	5	112841787	"[112841787]"	"[0]"	1	"APC"	TRUE	10	0	6	0	1	0	11306	107728
15	1	17	7676206	"[7676206]"	"[0]"	1	"TP53"	FALSE	23	0	33	0	1	0	11306	107728
19	1	3	179204512	"[179204512]"	"[0]"	1	"PIK3CA"	FALSE	33	0	16	0	1	0	11306	107728
25	1	5	112842085	"[112842085]"	"[0]"	1	"APC"	TRUE	39	0	21	0	1	0	11306	107728
31	1	5	112835115	"[112835115]"	"[0]"	1	"APC"	FALSE	48	0	19	2	1	0	11306	107728
45	1	3	179224132	"[179224132]"	"[0]"	1	"PIK3CA"	TRUE	67	0	0	28591	1	0	11306	107728
55	2	3	179198885	"[179198885]"	"[0]"	1	"PIK3CA"	TRUE	74	0	0	682	1	0	11306	107728
77	1	5	112837878	"[112837878]"	"[0]"	1	"APC"	FALSE	96	0	6	0	1	0	11306	107728
83	2	5	112838540	"[112838540]"	"[0]"	1	"APC"	FALSE	102	0	5	0	1	0	11306	107728
105	2	17	7673703	"[7673703]"	"[0]"	1	"TP53"	FALSE	121	0	9	0	1	0	11306	107728
121	2	5	112839408	"[112839408]"	"[0]"	1	"APC"	FALSE	145	0	4	0	1	0	11306	107728
141	1	5	112843131	"[112843131]"	"[0]"	1	"APC"	FALSE	166	0	8	0	1	0	11306	107728
155	1	3	179203768	"[179203768]"	"[0]"	1	"PIK3CA"	TRUE	176	0	0	323	1	0	11306	107728
175	2	5	112839088	"[112839088]"	"[0]"	1	"APC"	TRUE	192	0	16	0	1	0	11306	107728
179	2	3	179199773	"[179199773]"	"[0]"	1	"PIK3CA"	TRUE	196	0	0	1633	1	0	11306	107728
181	1	5	112840282	"[112840282]"	"[0]"	1	"APC"	TRUE	198	0	33	0	1	0	11306	107728
197	1	5	112842398	"[112842398]"	"[0]"	1	"APC"	FALSE	209	0	3	0	1	0	11306	107728
215	1	3	179218262	"[179218262]"	"[0]"	1	"PIK3CA"	FALSE	223	0	1	0	1	0	11306	107728
219	1	5	112838235	"[112838235]"	"[0]"	1	"APC"	TRUE	227	0	6	0	1	0	11306	107728
225	2	3	179201395	"[179201395]"	"[0]"	1	"PIK3CA"	TRUE	233	0	0	367	1	0	11306	107728
237	2	5	112827161	"[112827161]"	"[0]"	1	"APC"	FALSE	241	0	2	0	1	0	11306	107728
243	1	5	112841276	"[112841276]"	"[0]"	1	"APC"	TRUE	248	0	55	0	1	0	11306	107728
277	2	3	179201332	"[179201332]"	"[0]"	1	"PIK3CA"	FALSE	285	0	8	0	1	0	11306	107728
279	2	5	112839185	"[112839185]"	"[0]"	1	"APC"	TRUE	289	0	17	0	1	0	11306	107728
291	2	5	112838775	"[112838775]"	"[0]"	1	"APC"	TRUE	298	0	19	0	1	0	11306	107728
299	2	5	112839262	"[112839262]"	"[0]"	1	"APC"	TRUE	305	0	24	0	1	0	11306	107728
313	2	5	112839449	"[112839449]"	"[0]"	1	"APC"	TRUE	322	0	1	0	1	0	11306	107728
325	1	3	179230026	"[179230026]"	"[0]"	1	"PIK3CA"	FALSE	336	0	2	0	1	0	11306	107728
331	2	5	112780843	"[112780843]"	"[0]"	1	"APC"	TRUE	342	0	4	0	1	0	11306	107728
337	2	5	112838603	"[112838603]"	"[0]"	1	"APC"	TRUE	346	0	17	0	1	0	11306	107728
345	2	3	179201312	"[179201312]"	"[0]"	1	"PIK3CA"	FALSE	355	0	6	0	1	0	11306	107728
353	2	5	112841208	"[112841208]"	"[0]"	1	"APC"	FALSE	363	0	0	97	1	0	11306	107728
361	2	5	112838796	"[112838796]"	"[0]"	1	"APC"	TRUE	370	0	19	0	1	0	11306	107728
365	1	17	7676092	"[7676092]"	"[0]"	1	"TP53"	TRUE	373	0	0	105	1	0	11306	107728
367	1	3	179201414	"[179201414]"	"[0]"	1	"PIK3CA"	TRUE	374	0	0	59	1	0	11306	107728
377	2	5	112828000	"[112828000]"	"[0]"	1	"APC"	FALSE	383	0	0	74	1	0	11306	107728
381	2	3	179203643	"[179203643]"	"[0]"	1	"PIK3CA"	TRUE	392	0	0	114	1	0	11306	107728
395	1	5	112839272	"[112839272]"	"[0]"	1	"APC"	FALSE	403	0	0	207	1	0	11306	107728
399	2	5	112837910	"[112837910]"	"[0]"	1	"APC"	FALSE	410	0	6	0	1	0	11306	107728
407	1	3	179210504	"[179210504]"	"[0]"	1	"PIK3CA"	FALSE	417	0	8	0	1	0	11306	107728
413	2	3	179229392	"[179229392]"	"[0]"	1	"PIK3CA"	TRUE	426	0	0	33	1	0	11306	107728
439	2	5	112839408	"[112839408]"	"[0]"	1	"APC"	FALSE	145	0	7	0	2	0	11306	107728
441	2	3	179201373	"[179201373]"	"[0]"	1	"PIK3CA"	FALSE	456	0	5	0	1	0	11306	107728
453	2	3	179209647	"[179209647]"	"[0]"	1	"PIK3CA"	TRUE	468	0	0	12	1	0	11306	107728
463	1	5	112840370	"[112840370]"	"[0]"	1	"APC"	FALSE	483	0	0	25	1	0	11306	107728
471	1	3	179199858	"[179199858]"	"[0]"	1	"PIK3CA"	TRUE	491	0	0	16	1	0	11306	107728
475	1	3	179224714	"[179224714]"	"[0]"	1	"PIK3CA"	TRUE	497	0	0	31	1	0	11306	107728
493	2	5	112792468	"[112792468]"	"[0]"	1	"APC"	TRUE	517	0	7	0	1	0	11306	107728
497	1	5	112838576	"[112838576]"	"[0]"	1	"APC"	TRUE	523	0	4	0	1	0	11306	107728
519	1	3	179199745	"[179199745]"	"[0]"	1	"PIK3CA"	FALSE	547	0	0	43	1	0	11306	107728
523	1	5	112838392	"[112838392]"	"[0]"	1	"APC"	FALSE	558	0	3	0	1	0	11306	107728
525	2	3	179230265	"[179230265]"	"[0]"	1	"PIK3CA"	TRUE	560	0	0	32	1	0	11306	107728
527	2	12	25225672	"[25225672]"	"[0]"	1	"KRAS"	TRUE	562	0	11	0	1	0	11306	107728
529	1	3	179219995	"[179219995]"	"[0]"	1	"PIK3CA"	FALSE	568	0	0	130	1	0	11306	107728
535	2	3	179225965	"[179225965]"	"[0]"	1	"PIK3CA"	FALSE	572	0	0	103	1	0	11306	107728
541	1	17	7670619	"[7670619]"	"[0]"	1	"TP53"	FALSE	577	0	0	17	1	0	11306	107728
543	2	3	179234145	"[179234145]"	"[0]"	1	"PIK3CA"	FALSE	578	0	0	49	1	0	11306	107728
547	2	5	112775733	"[112775733]"	"[0]"	1	"APC"	FALSE	581	0	0	42	1	0	11306	107728
559	2	5	112838925	"[112838925]"	"[0]"	1	"APC"	TRUE	594	0	3	0	1	0	11306	107728
565	2	3	179210498	"[179210498]"	"[0]"	1	"PIK3CA"	TRUE	599	0	0	2	1	0	11306	107728
575	2	3	179199800	"[179199800]"	"[0]"	1	"PIK3CA"	TRUE	612	0	0	47	1	0	11306	107728
579	1	5	112840497	"[112840497]"	"[0]"	1	"APC"	FALSE	616	0	0	26	1	0	11306	107728
581	2	5	112839742	"[112839742]"	"[0]"	1	"APC"	FALSE	617	0	0	31	1	0	11306	107728
591	2	3	179219634	"[179219634]"	"[0]"	1	"PIK3CA"	FALSE	628	0	0	8	1	0	11306	107728
593	1	5	112838272	"[112838272]"	"[0]"	1	"APC"	TRUE	630	0	0	8	1	0	11306	107728
615	1	5	112838069	"[112838069]"	"[0]"	1	"APC"	TRUE	655	0	0	2	1	0	11306	107728
643	2	3	179201473	"[179201473]"	"[0]"	1	"PIK3CA"	TRUE	684	0	0	9	1	0	11306	107728
645	1	3	179198840	"[179198840]"	"[0]"	1	"PIK3CA"	TRUE	685	0	0	6	1	0	11306	107728
651	2	3	179209663	"[179209663]"	"[0]"	1	"PIK3CA"	FALSE	697	0	0	25	1	0	11306	107728
653	1	5	112835067	"[112835067]"	"[0]"	1	"APC"	FALSE	700	0	0	14	1	0	11306	107728
657	1	3	179234222	"[179234222]"	"[0]"	1	"PIK3CA"	TRUE	703	0	0	31	1	0	11306	107728
663	2	3	179210308	"[179210308]"	"[0]"	1	"PIK3CA"	FALSE	707	0	0	29	1	0	11306	107728
683	2	3	179199815	"[179199815]"	"[0]"	1	"PIK3CA"	TRUE	730	0	0	12	1	0	11306	107728
689	1	3	179235827	"[179235827]"	"[0]"	1	"PIK3CA"	TRUE	734	0	0	46	1	0	11306	107728
693	2	5	112838687	"[112838687]"	"[0]"	1	"APC"	FALSE	745	0	8	0	1	0	11306	107728
695	1	3	179209664	"[179209664]"	"[0]"	1	"PIK3CA"	FALSE	748	0	2	0	1	0	11306	107728
701	1	17	7675072	"[7675072]"	"[0]"	1	"TP53"	FALSE	759	0	2	0	1	0	11306	107728
715	2	5	112839083	"[112839083]"	"[0]"	1	"APC"	FALSE	772	0	0	4	1	0	11306	107728
721	2	3	179210617	"[179210617]"	"[0]"	1	"PIK3CA"	TRUE	782	0	0	27	1	0	11306	107728
735	1	5	112840935	"[112840935]"	"[0]"	1	"APC"	FALSE	802	0	0	4	1	0	11306	107728
741	2	5	112828861	"[112828861]"	"[0]"	1	"APC"	FALSE	807	0	0	10	1	0	11306	107728
747	1	12	25227338	"[25227338]"	"[0]"	1	"KRAS"	TRUE	815	0	1	0	1	0	11306	107728
749	2	5	112841684	"[112841684]"	"[0]"	1	"APC"	FALSE	818	0	1	0	1	0	11306	107728
755	2	5	112842111	"[112842111]"	"[0]"	1	"APC"	FALSE	829	0	0	11	1	0	11306	107728
759	1	3	179201507	"[179201507]"	"[0]"	1	"PIK3CA"	FALSE	839	0	0	10	1	0	11306	107728
767	1	5	112841111	"[112841111]"	"[0]"	1	"APC"	FALSE	850	0	0	15	1	0	11306	107728
769	1	5	112837987	"[112837987]"	"[0]"	1	"APC"	FALSE	853	0	0	26	1	0	11306	107728
771	1	5	112767285	"[112767285]"	"[0]"	1	"APC"	FALSE	854	0	0	11	1	0	11306	107728
779	1	5	112828882	"[112828882]"	"[0]"	1	"APC"	FALSE	868	0	0	16	1	0	11306	107728
783	1	5	112839147	"[112839147]"	"[0]"	1	"APC"	FALSE	872	0	0	2	1	0	11306	107728
789	1	5	112843504	"[112843504]"	"[0]"	1	"APC"	FALSE	880	0	0	2	1	0	11306	107728
803	2	5	112840769	"[112840769]"	"[0]"	1	"APC"	TRUE	903	0	0	2	1	0	11306	107728
807	1	3	179230354	"[179230354]"	"[0]"	1	"PIK3CA"	TRUE	908	0	0	19	1	0	11306	107728
811	1	5	112842804	"[112842804]"	"[0]"	1	"APC"	FALSE	913	0	0	3	1	0	11306	107728
821	1	5	112819270	"[112819270]"	"[0]"	1	"APC"	FALSE	924	0	0	13	1	0	11306	107728
825	1	5	112838581	"[112838581]"	"[0]"	1	"APC"	FALSE	929	0	0	2	1	0	11306	107728
835	1	5	112839200	"[112839200]"	"[0]"	1	"APC"	FALSE	939	0	0	16	1	0	11306	107728
849	2	5	112837756	"[112837756]"	"[0]"	1	"APC"	FALSE	948	0	0	18	1	0	11306	107728
851	2	3	179230102	"[179230102]"	"[0]"	1	"PIK3CA"	TRUE	952	0	0	4	1	0	11306	107728
853	2	5	112841417	"[112841417]"	"[0]"	1	"APC"	FALSE	954	0	3	0	1	0	11306	107728
859	2	3	179210276	"[179210276]"	"[0]"	1	"PIK3CA"	FALSE	965	0	1	0	1	0	11306	107728
873	1	5	112834966	"[112834966]"	"[0]"	1	"APC"	FALSE	986	0	0	2	1	0	11306	107728
879	1	5	112839417	"[112839417]"	"[0]"	1	"APC"	FALSE	991	0	0	4	1	0	11306	107728
881	1	5	112843997	"[112843997]"	"[0]"	1	"APC"	FALSE	995	0	0	2	1	0	11306	107728
885	2	5	112840061	"[112840061]"	"[0]"	1	"APC"	FALSE	999	0	0	27	1	0	11306	107728
889	1	3	179229389	"[179229389]"	"[0]"	1	"PIK3CA"	FALSE	1002	0	0	12	1	0	11306	107728
897	2	5	112840506	"[112840506]"	"[0]"	1	"APC"	FALSE	1011	0	0	4	1	0	11306	107728
901	2	17	7674892	"[7674892]"	"[0]"	1	"TP53"	FALSE	1018	0	0	12	1	0	11306	107728
903	1	5	112838498	"[112838498]"	"[0]"	1	"APC"	FALSE	1019	0	0	5	1	0	11306	107728
905	2	5	112843774	"[112843774]"	"[0]"	1	"APC"	FALSE	1020	0	0	8	1	0	11306	107728
907	2	17	7675167	"[7675167]"	"[0]"	1	"TP53"	FALSE	1024	0	0	14	1	0	11306	107728
913	2	5	112835062	"[112835062]"	"[0]"	1	"APC"	FALSE	1029	0	0	12	1	0	11306	107728
919	2	5	112840758	"[112840758]"	"[0]"	1	"APC"	FALSE	1039	0	0	8	1	0	11306	107728
933	1	5	112839875	"[112839875]"	"[0]"	1	"APC"	FALSE	1051	0	0	8	1	0	11306	107728
939	1	3	179210450	"[179210450]"	"[0]"	1	"PIK3CA"	TRUE	1054	0	0	4	1	0	11306	107728
945	2	5	112837991	"[112837991]"	"[0]"	1	"APC"	TRUE	1060	0	7	0	1	0	11306	107728
951	1	17	7676397	"[7676397]"	"[0]"	1	"TP53"	TRUE	1072	0	0	4	1	0	11306	107728
953	1	5	112837699	"[112837699]"	"[0]"	1	"APC"	TRUE	1076	0	0	6	1	0	11306	107728
961	2	5	112838495	"[112838495]"	"[0]"	1	"APC"	FALSE	1091	0	0	2	1	0	11306	107728
963	2	3	179199116	"[179199116]"	"[0]"	1	"PIK3CA"	TRUE	1093	0	0	2	1	0	11306	107728
967	2	12	25209888	"[25209888]"	"[0]"	1	"KRAS"	TRUE	1110	0	0	14	1	0	11306	107728
969	2	5	112839537	"[112839537]"	"[0]"	1	"APC"	FALSE	1114	0	0	4	1	0	11306	107728
971	1	5	112767257	"[112767257]"	"[0]"	1	"APC"	FALSE	1115	0	0	9	1	0	11306	107728
985	2	5	112843659	"[112843659]"	"[0]"	1	"APC"	TRUE	1142	0	0	2	1	0	11306	107728
1019	2	3	179209650	"[179209650]"	"[0]"	1	"PIK3CA"	TRUE	1181	0	0	12	1	0	11306	107728
1023	1	3	179204569	"[179204569]"	"[0]"	1	"PIK3CA"	TRUE	1186	0	0	8	1	0	11306	107728
1025	1	5	112826221	"[112826221]"	"[0]"	1	"APC"	TRUE	1187	0	3	0	1	0	11306	107728
1033	2	5	112840355	"[112840355]"	"[0]"	1	"APC"	FALSE	1197	0	0	4	1	0	11306	107728
1037	2	5	112819323	"[112819323]"	"[0]"	1	"APC"	FALSE	1201	0	3	0	1	0	11306	107728
1043	2	5	112837793	"[112837793]"	"[0]"	1	"APC"	FALSE	1206	0	2	0	1	0	11306	107728
1047	1	5	112838239	"[112838239]"	"[0]"	1	"APC"	TRUE	1211	0	6	0	1	0	11306	107728
1051	2	5	112842389	"[112842389]"	"[0]"	1	"APC"	FALSE	1215	0	4	0	1	0	11306	107728
1059	1	5	112837601	"[112837601]"	"[0]"	1	"APC"	TRUE	1222	0	0	12	1	0	11306	107728
1063	1	5	112843176	"[112843176]"	"[0]"	1	"APC"	TRUE	1227	0	0	2	1	0	11306	107728
1065	1	3	179219645	"[179219645]"	"[0]"	1	"PIK3CA"	TRUE	1229	0	0	2	1	0	11306	107728
1073	2	3	179219748	"[179219748]"	"[0]"	1	"PIK3CA"	FALSE	1236	0	0	2	1	0	11306	107728
1075	1	3	179199007	"[179199007]"	"[0]"	1	"PIK3CA"	FALSE	1238	0	0	2	1	0	11306	107728
1077	2	17	7676532	"[7676532]"	"[0]"	1	"TP53"	FALSE	1240	0	0	5	1	0	11306	107728
1087	2	5	112841191	"[112841191]"	"[0]"	1	"APC"	FALSE	1251	0	0	2	1	0	11306	107728
1089	2	5	112842769	"[112842769]"	"[0]"	1	"APC"	FALSE	1252	0	0	8	1	0	11306	107728
1093	2	3	179203700	"[179203700]"	"[0]"	1	"PIK3CA"	FALSE	1256	0	0	10	1	0	11306	107728
1095	2	3	179210464	"[179210464]"	"[0]"	1	"PIK3CA"	TRUE	1259	0	0	4	1	0	11306	107728
1099	1	3	179203721	"[179203721]"	"[0]"	1	"PIK3CA"	TRUE	1266	0	0	6	1	0	11306	107728
1101	2	3	179219743	"[179219743]"	"[0]"	1	"PIK3CA"	FALSE	1267	0	0	8	1	0	11306	107728
1113	2	3	179230295	"[179230295]"	"[0]"	1	"PIK3CA"	TRUE	1287	0	0	6	1	0	11306	107728
1115	2	5	112843364	"[112843364]"	"[0]"	1	"APC"	FALSE	1289	0	0	2	1	0	11306	107728
1119	2	3	179199841	"[179199841]"	"[0]"	1	"PIK3CA"	FALSE	1293	0	0	6	1	0	11306	107728
1121	1	5	112780851	"[112780851]"	"[0]"	1	"APC"	FALSE	1294	0	0	12	1	0	11306	107728
1123	1	3	179224105	"[179224105]"	"[0]"	1	"PIK3CA"	FALSE	1298	0	0	8	1	0	11306	107728
1125	2	5	112839135	"[112839135]"	"[0]"	1	"APC"	TRUE	1299	0	0	6	1	0	11306	107728
1127	1	5	112839096	"[112839096]"	"[0]"	1	"APC"	TRUE	1305	0	0	4	1	0	11306	107728
1129	2	17	7674869	"[7674869]"	"[0]"	1	"TP53"	FALSE	1309	0	0	5	1	0	11306	107728
1137	1	5	112841730	"[112841730]"	"[0]"	1	"APC"	FALSE	1318	0	0	3	1	0	11306	107728
1141	1	5	112840820	"[112840820]"	"[0]"	1	"APC"	TRUE	1321	0	0	4	1	0	11306	107728
1155	1	12	25225678	"[25225678]"	"[0]"	1	"KRAS"	FALSE	1330	0	1	0	1	0	11306	107728
1159	1	5	112841328	"[112841328]"	"[0]"	1	"APC"	TRUE	1341	0	5	0	1	0	11306	107728
1165	2	5	112842074	"[112842074]"	"[0]"	1	"APC"	TRUE	1345	0	4	0	1	0	11306	107728
1167	2	5	112838896	"[112838896]"	"[0]"	1	"APC"	FALSE	1346	0	3	0	1	0	11306	107728
1171	2	5	112840696	"[112840696]"	"[0]"	1	"APC"	FALSE	1350	0	0	2	1	0	11306	107728
1177	1	5	112841309	"[112841309]"	"[0]"	1	"APC"	FALSE	1357	0	0	4	1	0	11306	107728
1181	1	5	112837600	"[112837600]"	"[0]"	1	"APC"	TRUE	1371	0	0	4	1	0	11306	107728
1187	2	3	179204554	"[179204554]"	"[0]"	1	"PIK3CA"	TRUE	1377	0	0	6	1	0	11306	107728
1189	1	3	179201360	"[179201360]"	"[0]"	1	"PIK3CA"	FALSE	1378	0	0	2	1	0	11306	107728
1193	2	5	112840774	"[112840774]"	"[0]"	1	"APC"	FALSE	1380	0	0	4	1	0	11306	107728
1209	2	5	112841119	"[112841119]"	"[0]"	1	"APC"	TRUE	1394	0	0	2	1	0	11306	107728
1217	1	3	179209665	"[179209665]"	"[0]"	1	"PIK3CA"	TRUE	1402	0	0	6	1	0	11306	107728
1229	2	3	179203660	"[179203660]"	"[0]"	1	"PIK3CA"	FALSE	1417	0	0	4	1	0	11306	107728
1233	2	5	112838792	"[112838792]"	"[0]"	1	"APC"	FALSE	1420	0	0	2	1	0	11306	107728
1235	1	5	112837585	"[112837585]"	"[0]"	1	"APC"	FALSE	1423	0	0	7	1	0	11306	107728
1239	2	5	112837846	"[112837846]"	"[0]"	1	"APC"	FALSE	1425	0	0	2	1	0	11306	107728
1241	2	5	112839344	"[112839344]"	"[0]"	1	"APC"	TRUE	1426	0	0	2	1	0	11306	107728
1243	2	3	179225691	"[179225691]"	"[0]"	1	"PIK3CA"	TRUE	1427	0	0	4	1	0	11306	107728
1249	2	5	112840867	"[112840867]"	"[0]"	1	"APC"	FALSE	1436	0	0	4	1	0	11306	107728
1253	2	5	112841084	"[112841084]"	"[0]"	1	"APC"	FALSE	1438	0	0	4	1	0	11306	107728
1257	1	5	112839155	"[112839155]"	"[0]"	1	"APC"	TRUE	1440	0	0	2	1	0	11306	107728
1263	2	5	112843385	"[112843385]"	"[0]"	1	"APC"	FALSE	1446	0	0	4	1	0	11306	107728
1265	1	5	112828928	"[112828928]"	"[0]"	1	"APC"	FALSE	1447	0	0	5	1	0	11306	107728
1273	1	3	179199018	"[179199018]"	"[0]"	1	"PIK3CA"	FALSE	1461	0	0	4	1	0	11306	107728
1275	1	12	25245307	"[25245307]"	"[0]"	1	"KRAS"	TRUE	1462	0	0	4	1	0	11306	107728
1279	2	5	112838689	"[112838689]"	"[0]"	1	"APC"	FALSE	1467	0	0	4	1	0	11306	107728
1285	1	12	25245327	"[25245327]"	"[0]"	1	"KRAS"	TRUE	1475	0	0	8	1	0	11306	107728
1287	1	5	112840175	"[112840175]"	"[0]"	1	"APC"	FALSE	1477	0	0	4	1	0	11306	107728
1291	2	5	112839073	"[112839073]"	"[0]"	1	"APC"	TRUE	1482	0	0	4	1	0	11306	107728
1293	2	3	179210319	"[179210319]"	"[0]"	1	"PIK3CA"	FALSE	1483	0	0	4	1	0	11306	107728
1295	2	3	179229430	"[179229430]"	"[0]"	1	"PIK3CA"	FALSE	1484	0	0	7	1	0	11306	107728
1297	1	5	112842178	"[112842178]"	"[0]"	1	"APC"	FALSE	1487	0	0	2	1	0	11306	107728
1299	2	5	112840993	"[112840993]"	"[0]"	1	"APC"	FALSE	1488	0	0	4	1	0	11306	107728
1301	2	5	112843798	"[112843798]"	"[0]"	1	"APC"	TRUE	1490	0	2	0	1	0	11306	107728
1309	1	5	112842723	"[112842723]"	"[0]"	1	"APC"	FALSE	1494	0	0	2	1	0	11306	107728
1311	1	5	112828003	"[112828003]"	"[0]"	1	"APC"	TRUE	1495	0	0	4	1	0	11306	107728
1313	1	5	112842576	"[112842576]"	"[0]"	1	"APC"	FALSE	1500	0	0	1	1	0	11306	107728
1315	2	5	112754923	"[112754923]"	"[0]"	1	"APC"	TRUE	1501	0	0	6	1	0	11306	107728
1317	2	3	179199052	"[179199052]"	"[0]"	1	"PIK3CA"	TRUE	1502	0	0	2	1	0	11306	107728
1323	1	3	179201484	"[179201484]"	"[0]"	1	"PIK3CA"	TRUE	1509	0	0	2	1	0	11306	107728
1325	1	17	7676582	"[7676582]"	"[0]"	1	"TP53"	FALSE	1512	0	1	0	1	0	11306	107728
1327	2	5	112841509	"[112841509]"	"[0]"	1	"APC"	TRUE	1515	0	2	0	1	0	11306	107728
1335	1	5	112843824	"[112843824]"	"[0]"	1	"APC"	FALSE	1524	0	1	0	1	0	11306	107728
1339	1	3	179198847	"[179198847]"	"[0]"	1	"PIK3CA"	TRUE	1526	0	0	2	1	0	11306	107728
1341	1	5	112839530	"[112839530]"	"[0]"	1	"APC"	FALSE	1529	0	0	2	1	0	11306	107728
1345	1	12	25225695	"[25225695, 25227239]"	"[0, 1544]"	2	"KRAS"	TRUE	1	0	0	4	1	0	11306	107728
1347	1	5	112844001	"[112844001]"	"[0]"	1	"APC"	FALSE	1540	0	0	2	1	0	11306	107728
1355	2	5	112827144	"[112827144]"	"[0]"	1	"APC"	TRUE	1547	0	0	2	1	0	11306	107728
1357	2	5	112842718	"[112842718]"	"[0]"	1	"APC"	FALSE	1549	0	0	2	1	0	11306	107728
1359	1	3	179234219	"[179234219]"	"[0]"	1	"PIK3CA"	FALSE	1551	0	0	2	1	0	11306	107728
1361	1	5	112838846	"[112838846]"	"[0]"	1	"APC"	FALSE	1552	0	0	2	1	0	11306	107728
1371	2	5	112767288	"[112767288]"	"[0]"	1	"APC"	FALSE	1567	0	0	2	1	0	11306	107728
1373	1	3	179234120	"[179234120]"	"[0]"	1	"PIK3CA"	FALSE	1570	0	0	3	1	0	11306	107728
1375	2	5	112842963	"[112842963]"	"[0]"	1	"APC"	FALSE	1571	0	0	2	1	0	11306	107728
1381	1	5	112801346	"[112801346]"	"[0]"	1	"APC"	FALSE	1575	0	0	4	1	0	11306	107728
1383	1	3	179199068	"[179199068]"	"[0]"	1	"PIK3CA"	TRUE	1577	0	0	2	1	0	11306	107728
1391	1	5	112841821	"[112841821]"	"[0]"	1	"APC"	FALSE	1589	0	0	2	1	0	11306	107728
1393	1	5	112819021	"[112819021]"	"[0]"	1	"APC"	TRUE	1590	0	0	4	1	0	11306	107728
1395	1	3	179224126	"[179224126]"	"[0]"	1	"PIK3CA"	TRUE	1591	0	0	2	1	0	11306	107728
1399	2	5	112839236	"[112839236]"	"[0]"	1	"APC"	TRUE	1593	0	0	4	1	0	11306	107728
1401	1	17	7676223	"[7676223]"	"[0]"	1	"TP53"	TRUE	1596	0	0	2	1	0	11306	107728
1413	2	5	112842744	"[112842744]"	"[0]"	1	"APC"	TRUE	1614	0	0	4	1	0	11306	107728
1415	2	5	112843089	"[112843089]"	"[0]"	1	"APC"	FALSE	1616	0	0	4	1	0	11306	107728
1417	1	3	179219574	"[179219574]"	"[0]"	1	"PIK3CA"	TRUE	1617	0	0	2	1	0	11306	107728
1423	1	5	112838557	"[112838557]"	"[0]"	1	"APC"	TRUE	1623	0	0	2	1	0	11306	107728
1429	2	5	112839582	"[112839582]"	"[0]"	1	"APC"	TRUE	1635	0	0	4	1	0	11306	107728
1431	1	5	112838925	"[112838925]"	"[0]"	1	"APC"	FALSE	1636	0	0	2	1	0	11306	107728
1435	1	12	25209870	"[25209870]"	"[0]"	1	"KRAS"	TRUE	1639	0	0	2	1	0	11306	107728
1437	1	5	112835050	"[112835050]"	"[0]"	1	"APC"	FALSE	1641	0	0	3	1	0	11306	107728
1439	1	17	7676528	"[7676528]"	"[0]"	1	"TP53"	FALSE	1643	0	0	2	1	0	11306	107728
1441	1	12	25225695	"[25225695]"	"[0]"	1	"KRAS"	TRUE	1	0	0	2	2	0	11306	107728
1451	2	3	179210487	"[179210487]"	"[0]"	1	"PIK3CA"	FALSE	1651	0	0	4	1	0	11306	107728
1455	2	3	179230341	"[179230341]"	"[0]"	1	"PIK3CA"	TRUE	1654	0	0	2	1	0	11306	107728
1461	1	3	179224132	"[179224132, 179220313]"	"[0, -3819]"	0	"PIK3CA"	TRUE	67	0	0	2	1	0	11306	107728
1463	2	3	179219726	"[179219726]"	"[0]"	1	"PIK3CA"	FALSE	1659	0	0	4	1	0	11306	107728
1465	1	3	179199808	"[179199808]"	"[0]"	1	"PIK3CA"	FALSE	1660	0	0	2	1	0	11306	107728
1469	1	5	112839324	"[112839324]"	"[0]"	1	"APC"	FALSE	1662	0	0	4	1	0	11306	107728
1473	1	3	179234199	"[179234199]"	"[0]"	1	"PIK3CA"	TRUE	1666	0	0	1	1	0	11306	107728
1477	2	5	112840344	"[112840344]"	"[0]"	1	"APC"	FALSE	1668	0	0	2	1	0	11306	107728
1479	2	5	112843657	"[112843657]"	"[0]"	1	"APC"	FALSE	1671	0	0	4	1	0	11306	107728
1481	1	5	112780859	"[112780859]"	"[0]"	1	"APC"	FALSE	1675	0	0	4	1	0	11306	107728
1483	2	5	112842015	"[112842015]"	"[0]"	1	"APC"	FALSE	1676	0	0	4	1	0	11306	107728
1485	2	12	25209837	"[25209837]"	"[0]"	1	"KRAS"	FALSE	1677	0	0	1	1	0	11306	107728
1491	2	3	179201309	"[179201309]"	"[0]"	1	"PIK3CA"	FALSE	1681	0	0	4	1	0	11306	107728
1495	1	3	179225198	"[179225198]"	"[0]"	1	"PIK3CA"	TRUE	1683	0	0	2	1	0	11306	107728
1497	1	5	112842372	"[112842372]"	"[0]"	1	"APC"	FALSE	1684	0	0	4	1	0	11306	107728
1499	2	5	112838466	"[112838466]"	"[0]"	1	"APC"	FALSE	1685	0	0	2	1	0	11306	107728
1505	2	5	112839591	"[112839591]"	"[0]"	1	"APC"	TRUE	1691	0	0	2	1	0	11306	107728
1507	1	5	112837893	"[112837893]"	"[0]"	1	"APC"	FALSE	1692	0	0	2	1	0	11306	107728
1509	2	3	179203758	"[179203758]"	"[0]"	1	"PIK3CA"	TRUE	1695	0	0	2	1	0	11306	107728
1515	1	5	112841456	"[112841456]"	"[0]"	1	"APC"	FALSE	1700	0	0	4	1	0	11306	107728
1517	2	3	179234264	"[179234264]"	"[0]"	1	"PIK3CA"	FALSE	1701	0	0	2	1	0	11306	107728
1519	2	5	112780892	"[112780892]"	"[0]"	1	"APC"	TRUE	1702	0	0	2	1	0	11306	107728
1527	2	5	112839489	"[112839489]"	"[0]"	1	"APC"	FALSE	1715	0	0	2	1	0	11306	107728
1531	1	5	112843005	"[112843005]"	"[0]"	1	"APC"	TRUE	1718	0	0	4	1	0	11306	107728
1533	1	3	179199797	"[179199797]"	"[0]"	1	"PIK3CA"	FALSE	1720	0	1	0	1	0	11306	107728
1535	2	3	179198924	"[179198924]"	"[0]"	1	"PIK3CA"	FALSE	1721	0	1	0	1	0	11306	107728
1537	2	5	112838190	"[112838190]"	"[0]"	1	"APC"	FALSE	1722	0	1	0	1	0	11306	107728
1539	1	12	25209830	"[25209830]"	"[0]"	1	"KRAS"	TRUE	1726	0	1	0	1	0	11306	107728
1541	1	3	179201451	"[179201451]"	"[0]"	1	"PIK3CA"	FALSE	1727	0	2	0	1	0	11306	107728
1545	1	3	179203561	"[179203561]"	"[0]"	1	"PIK3CA"	TRUE	1729	0	0	1	1	0	11306	107728
1547	2	5	112839871	"[112839871]"	"[0]"	1	"APC"	TRUE	1730	0	2	0	1	0	11306	107728
1551	2	17	7673773	"[7673773]"	"[0]"	1	"TP53"	TRUE	1737	0	0	2	1	0	11306	107728
1553	2	3	179201306	"[179201306]"	"[0]"	1	"PIK3CA"	TRUE	1741	0	0	2	1	0	11306	107728
1559	2	3	179230166	"[179230166]"	"[0]"	1	"PIK3CA"	TRUE	1753	0	0	2	1	0	11306	107728
1567	1	3	179203615	"[179203615]"	"[0]"	1	"PIK3CA"	TRUE	1762	0	0	2	1	0	11306	107728
1569	2	3	179218264	"[179218264]"	"[0]"	1	"PIK3CA"	TRUE	1763	0	0	2	1	0	11306	107728
1577	1	12	25225695	"[25225695, 25225811]"	"[0, 116]"	2	"KRAS"	TRUE	1	0	0	2	1	0	11306	107728
1579	1	5	112780853	"[112780853]"	"[0]"	1	"APC"	FALSE	1776	0	0	2	1	0	11306	107728
1581	1	5	112821985	"[112821985]"	"[0]"	1	"APC"	FALSE	1778	0	0	2	1	0	11306	107728
1583	1	3	179229428	"[179229428]"	"[0]"	1	"PIK3CA"	TRUE	1779	0	0	2	1	0	11306	107728
1591	2	5	112792457	"[112792457]"	"[0]"	1	"APC"	FALSE	1787	0	0	2	1	0	11306	107728
1593	1	5	112842622	"[112842622]"	"[0]"	1	"APC"	TRUE	1788	0	0	2	1	0	11306	107728
1595	1	5	112837874	"[112837874]"	"[0]"	1	"APC"	FALSE	1789	0	0	2	1	0	11306	107728
1597	2	3	179201433	"[179201433]"	"[0]"	1	"PIK3CA"	TRUE	1790	0	0	2	1	0	11306	107728
1599	1	3	179198958	"[179198958]"	"[0]"	1	"PIK3CA"	FALSE	1791	0	0	2	1	0	11306	107728
1603	1	3	179210219	"[179210219]"	"[0]"	1	"PIK3CA"	FALSE	1795	0	0	2	1	0	11306	107728
1605	1	5	112819011	"[112819011]"	"[0]"	1	"APC"	TRUE	1797	0	0	2	1	0	11306	107728
1611	2	5	112842017	"[112842017]"	"[0]"	1	"APC"	FALSE	1811	0	0	2	1	0	11306	107728
1617	1	3	179234363	"[179234363]"	"[0]"	1	"PIK3CA"	FALSE	1823	0	0	2	1	0	11306	107728
1619	1	5	112839260	"[112839260]"	"[0]"	1	"APC"	FALSE	1827	0	0	2	1	0	11306	107728
1621	1	12	25225728	"[25225728]"	"[0]"	1	"KRAS"	TRUE	1832	0	0	1	1	0	11306	107728
1625	1	12	25227375	"[25227375]"	"[0]"	1	"KRAS"	FALSE	1844	0	0	2	1	0	11306	107728
1627	1	5	112842487	"[112842487]"	"[0]"	1	"APC"	TRUE	1846	0	0	2	1	0	11306	107728
1629	1	3	179198925	"[179198925]"	"[0]"	1	"PIK3CA"	FALSE	1847	0	0	2	1	0	11306	107728
1635	2	5	112843311	"[112843311]"	"[0]"	1	"APC"	TRUE	1856	0	0	2	1	0	11306	107728
1645	2	5	112842732	"[112842732]"	"[0]"	1	"APC"	TRUE	1861	0	0	2	1	0	11306	107728
1647	1	5	112841810	"[112841810]"	"[0]"	1	"APC"	FALSE	1862	0	0	2	1	0	11306	107728
1653	2	5	112838173	"[112838173]"	"[0]"	1	"APC"	TRUE	1866	0	0	2	1	0	11306	107728
1655	2	5	112819059	"[112819059]"	"[0]"	1	"APC"	TRUE	1868	0	0	2	1	0	11306	107728
1657	2	3	179230087	"[179230087]"	"[0]"	1	"PIK3CA"	TRUE	1870	0	0	2	1	0	11306	107728
1659	2	5	112840968	"[112840968]"	"[0]"	1	"APC"	TRUE	1873	0	0	2	1	0	11306	107728
1661	2	3	179234345	"[179234345]"	"[0]"	1	"PIK3CA"	TRUE	1877	0	0	2	1	0	11306	107728
1665	2	3	179199754	"[179199754]"	"[0]"	1	"PIK3CA"	TRUE	1881	0	0	2	1	0	11306	107728
1667	1	5	112841125	"[112841125]"	"[0]"	1	"APC"	TRUE	1884	0	0	2	1	0	11306	107728
1675	1	17	7675163	"[7675163]"	"[0]"	1	"TP53"	TRUE	1901	0	0	2	1	0	11306	107728
1677	1	5	112841040	"[112841040]"	"[0]"	1	"APC"	FALSE	1902	0	0	2	1	0	11306	107728
1679	2	5	112839395	"[112839395]"	"[0]"	1	"APC"	TRUE	1906	0	0	2	1	0	11306	107728
1683	1	5	112801353	"[112801353]"	"[0]"	1	"APC"	FALSE	1908	0	0	2	1	0	11306	107728
1685	1	5	112842092	"[112842092]"	"[0]"	1	"APC"	FALSE	1911	0	0	2	1	0	11306	107728
1689	2	5	112837779	"[112837779]"	"[0]"	1	"APC"	TRUE	1917	0	0	2	1	0	11306	107728
1695	1	5	112841220	"[112841220]"	"[0]"	1	"APC"	FALSE	1925	0	0	2	1	0	11306	107728
1699	2	5	112839082	"[112839082]"	"[0]"	1	"APC"	TRUE	1927	0	0	2	1	0	11306	107728
1703	1	5	112792520	"[112792520]"	"[0]"	1	"APC"	TRUE	1931	0	0	2	1	0	11306	107728
1705	2	3	179218299	"[179218299]"	"[0]"	1	"PIK3CA"	FALSE	1933	0	0	2	1	0	11306	107728
1711	1	3	179225517	"[179225517]"	"[0]"	1	"PIK3CA"	FALSE	1941	0	0	2	1	0	11306	107728
1713	2	5	112755019	"[112755019]"	"[0]"	1	"APC"	FALSE	1942	0	0	2	1	0	11306	107728
1715	2	3	179234226	"[179234226]"	"[0]"	1	"PIK3CA"	TRUE	1943	0	0	2	1	0	11306	107728
1721	1	3	179234148	"[179234148]"	"[0]"	1	"PIK3CA"	TRUE	1947	0	0	2	1	0	11306	107728
1723	2	5	112840175	"[112840175]"	"[0]"	1	"APC"	TRUE	1949	0	0	2	1	0	11306	107728
1727	1	12	25245329	"[25245329]"	"[0]"	1	"KRAS"	TRUE	1953	0	0	2	1	0	11306	107728
1731	2	5	112842755	"[112842755]"	"[0]"	1	"APC"	TRUE	1957	0	0	2	1	0	11306	107728
1733	2	5	112828939	"[112828939]"	"[0]"	1	"APC"	TRUE	1960	0	0	2	1	0	11306	107728
1735	2	3	179203776	"[179203776]"	"[0]"	1	"PIK3CA"	TRUE	1961	0	0	2	1	0	11306	107728
1737	1	5	112843472	"[112843472]"	"[0]"	1	"APC"	TRUE	1963	0	0	2	1	0	11306	107728
1743	2	5	112835057	"[112835057]"	"[0]"	1	"APC"	TRUE	1968	0	2	0	1	0	11306	107728
1745	2	5	112842287	"[112842287]"	"[0]"	1	"APC"	TRUE	1972	0	0	2	1	0	11306	107728
1753	2	5	112842301	"[112842301]"	"[0]"	1	"APC"	FALSE	1983	0	0	2	1	0	11306	107728
1755	2	5	112839185	"[112839185]"	"[0]"	1	"APC"	TRUE	289	0	2	0	0	0	11306	107728
1757	1	5	112838985	"[112838985]"	"[0]"	1	"APC"	TRUE	1986	0	0	2	1	0	11306	107728
1763	1	5	112828876	"[112828876]"	"[0]"	1	"APC"	TRUE	1997	0	0	2	1	0	11306	107728
1765	1	3	179199864	"[179199864]"	"[0]"	1	"PIK3CA"	TRUE	1998	0	1	0	1	0	11306	107728
1767	1	5	112767287	"[112767287]"	"[0]"	1	"APC"	TRUE	1999	0	1	0	1	0	11306	107728
1769	2	5	112827996	"[112827996]"	"[0]"	1	"APC"	FALSE	2000	0	1	0	1	0	11306	107728
1771	1	5	112839163	"[112839163]"	"[0]"	1	"APC"	FALSE	2002	0	1	0	1	0	11306	107728
1773	1	3	179199879	"[179199879]"	"[0]"	1	"PIK3CA"	TRUE	2004	0	1	0	1	0	11306	107728
1775	2	5	112843351	"[112843351]"	"[0]"	1	"APC"	TRUE	2005	0	1	0	1	0	11306	107728
1777	1	5	112841040	"[112841040]"	"[0]"	1	"APC"	TRUE	2007	0	1	0	1	0	11306	107728
1779	1	5	112840795	"[112840795]"	"[0]"	1	"APC"	FALSE	2008	0	1	0	1	0	11306	107728
1781	2	5	112840624	"[112840624]"	"[0]"	1	"APC"	TRUE	2009	0	1	0	1	0	11306	107728
1783	2	3	179210194	"[179210194]"	"[0]"	1	"PIK3CA"	TRUE	2011	0	1	0	1	0	11306	107728
1785	1	5	112835116	"[112835116]"	"[0]"	1	"APC"	TRUE	2014	0	1	0	1	0	11306	107728
1787	2	5	112842168	"[112842168]"	"[0]"	1	"APC"	FALSE	2017	0	0	1	1	0	11306	107728
1789	1	5	112841681	"[112841681]"	"[0]"	1	"APC"	FALSE	2018	0	0	1	1	0	11306	107728
1791	1	5	112842419	"[112842419]"	"[0]"	1	"APC"	TRUE	2019	0	0	1	1	0	11306	107728
1793	2	3	179198887	"[179198887]"	"[0]"	1	"PIK3CA"	TRUE	2020	0	0	1	1	0	11306	107728
1795	1	3	179218251	"[179218251]"	"[0]"	1	"PIK3CA"	FALSE	2021	0	0	1	1	0	11306	107728
1797	2	5	112841248	"[112841248]"	"[0]"	1	"APC"	FALSE	2030	0	0	1	1	0	11306	107728
1799	1	5	112843084	"[112843084]"	"[0]"	1	"APC"	TRUE	2032	0	0	1	1	0	11306	107728
1801	1	5	112775710	"[112775710]"	"[0]"	1	"APC"	FALSE	2036	0	0	1	1	0	11306	107728
1803	2	5	112839157	"[112839157]"	"[0]"	1	"APC"	TRUE	2040	0	0	1	1	0	11306	107728
1805	1	5	112839378	"[112839378]"	"[0]"	1	"APC"	TRUE	2045	0	0	1	1	0	11306	107728
1807	2	5	112838637	"[112838637]"	"[0]"	1	"APC"	FALSE	2046	0	0	1	1	0	11306	107728
1809	1	3	179219984	"[179219984]"	"[0]"	1	"PIK3CA"	TRUE	2048	0	0	1	1	0	11306	107728
1811	1	17	7669632	"[7669632]"	"[0]"	1	"TP53"	TRUE	2049	0	0	1	1	0	11306	107728
1813	1	3	179234225	"[179234225]"	"[0]"	1	"PIK3CA"	TRUE	2051	0	0	1	1	0	11306	107728
1815	2	5	112841614	"[112841614]"	"[0]"	1	"APC"	TRUE	2052	0	0	1	1	0	11306	107728
1817	1	5	112792479	"[112792479]"	"[0]"	1	"APC"	TRUE	2054	0	0	1	1	0	11306	107728
1819	2	3	179199894	"[179199894]"	"[0]"	1	"PIK3CA"	FALSE	2060	0	0	1	1	0	11306	107728
1821	1	5	112821937	"[112821937]"	"[0]"	1	"APC"	FALSE	2062	0	0	1	1	0	11306	107728
1823	2	3	179201519	"[179201519]"	"[0]"	1	"PIK3CA"	TRUE	2065	0	0	1	1	0	11306	107728
1825	2	3	179218269	"[179218269]"	"[0]"	1	"PIK3CA"	FALSE	2067	0	0	1	1	0	11306	107728
1827	1	5	112839332	"[112839332]"	"[0]"	1	"APC"	FALSE	2074	0	0	1	1	0	11306	107728
1829	1	5	112839843	"[112839843]"	"[0]"	1	"APC"	FALSE	2075	0	0	1	1	0	11306	107728
1831	1	3	179221101	"[179221101]"	"[0]"	1	"PIK3CA"	TRUE	2079	0	0	1	1	0	11306	107728
1833	1	5	112835039	"[112835039]"	"[0]"	1	"APC"	TRUE	2081	0	0	1	1	0	11306	107728
1835	2	5	112843624	"[112843624]"	"[0]"	1	"APC"	TRUE	2082	0	0	1	1	0	11306	107728
1837	2	5	112838688	"[112838688]"	"[0]"	1	"APC"	FALSE	2083	0	0	1	1	0	11306	107728
1839	1	5	112839940	"[112839940]"	"[0]"	1	"APC"	TRUE	2085	0	0	1	1	0	11306	107728
1841	1	5	112839100	"[112839100]"	"[0]"	1	"APC"	TRUE	2088	0	0	1	1	0	11306	107728
1843	1	12	25245315	"[25245315]"	"[0]"	1	"KRAS"	FALSE	2090	0	0	1	1	0	11306	107728
1845	1	5	112843439	"[112843439]"	"[0]"	1	"APC"	FALSE	2094	0	0	1	1	0	11306	107728
1847	2	5	112843979	"[112843979]"	"[0]"	1	"APC"	TRUE	2096	0	0	1	1	0	11306	107728
1849	1	17	7674894	"[7674894]"	"[0]"	1	"TP53"	FALSE	2097	0	0	1	1	0	11306	107728
1851	2	3	179229549	"[179229549]"	"[0]"	1	"PIK3CA"	FALSE	2098	0	0	1	1	0	11306	107728
1853	2	3	179230218	"[179230218]"	"[0]"	1	"PIK3CA"	TRUE	2103	0	0	1	1	0	11306	107728
1855	2	12	25209814	"[25209814]"	"[0]"	1	"KRAS"	FALSE	2105	0	0	1	1	0	11306	107728
1857	2	3	179218296	"[179218296]"	"[0]"	1	"PIK3CA"	TRUE	2109	0	0	1	1	0	11306	107728
1859	2	5	112842357	"[112842357]"	"[0]"	1	"APC"	TRUE	2113	0	0	1	1	0	11306	107728
1861	1	5	112843325	"[112843325]"	"[0]"	1	"APC"	TRUE	2116	0	0	1	1	0	11306	107728
1863	2	5	112842861	"[112842861]"	"[0]"	1	"APC"	TRUE	2119	0	0	1	1	0	11306	107728
1865	1	3	179209604	"[179209604]"	"[0]"	1	"PIK3CA"	FALSE	2120	0	0	1	1	0	11306	107728
1867	1	5	112843741	"[112843741]"	"[0]"	1	"APC"	FALSE	2121	0	0	1	1	0	11306	107728
1869	2	5	112838859	"[112838859]"	"[0]"	1	"APC"	FALSE	2124	0	0	1	1	0	11306	107728
1871	1	5	112819158	"[112819158]"	"[0]"	1	"APC"	TRUE	2125	0	0	1	1	0	11306	107728
1873	1	3	179219201	"[179219201]"	"[0]"	1	"PIK3CA"	FALSE	2126	0	0	1	1	0	11306	107728
1875	2	5	112842542	"[112842542]"	"[0]"	1	"APC"	FALSE	2131	0	0	1	1	0	11306	107728
1877	1	3	179210507	"[179210507]"	"[0]"	1	"PIK3CA"	FALSE	2135	0	0	1	1	0	11306	107728
1879	1	17	7673754	"[7673754]"	"[0]"	1	"TP53"	TRUE	2138	0	0	1	1	0	11306	107728
1881	1	12	25209826	"[25209826]"	"[0]"	1	"KRAS"	FALSE	2142	0	0	1	1	0	11306	107728
1883	1	5	112841058	"[112841058]"	"[0]"	1	"APC"	FALSE	2143	0	0	1	1	0	11306	107728
1885	1	3	179203716	"[179203716]"	"[0]"	1	"PIK3CA"	FALSE	2144	0	0	1	1	0	11306	107728
1887	1	5	112844034	"[112844034]"	"[0]"	1	"APC"	TRUE	2145	0	0	1	1	0	11306	107728
1889	2	5	112842095	"[112842095]"	"[0]"	1	"APC"	TRUE	2146	0	0	1	1	0	11306	107728
1891	2	5	112841885	"[112841885]"	"[0]"	1	"APC"	TRUE	2147	0	0	1	1	0	11306	107728
1893	2	5	112842048	"[112842048]"	"[0]"	1	"APC"	FALSE	2149	0	0	1	1	0	11306	107728
1895	2	3	179219648	"[179219648]"	"[0]"	1	"PIK3CA"	FALSE	2152	0	0	1	1	0	11306	107728
1897	2	3	179219868	"[179219868]"	"[0]"	1	"PIK3CA"	TRUE	2153	0	0	1	1	0	11306	107728
1899	2	5	112838268	"[112838268]"	"[0]"	1	"APC"	TRUE	2155	0	0	1	1	0	11306	107728
1901	2	5	112839825	"[112839825]"	"[0]"	1	"APC"	FALSE	2157	0	0	1	1	0	11306	107728
1903	2	5	112839769	"[112839769]"	"[0]"	1	"APC"	FALSE	2161	0	0	1	1	0	11306	107728
1905	2	3	179219251	"[179219251]"	"[0]"	1	"PIK3CA"	TRUE	2163	0	0	1	1	0	11306	107728
1907	2	3	179229314	"[179229314]"	"[0]"	1	"PIK3CA"	FALSE	2165	0	0	1	1	0	11306	107728
1909	1	5	112819209	"[112819209]"	"[0]"	1	"APC"	TRUE	2167	0	0	1	1	0	11306	107728
1911	2	5	112841670	"[112841670]"	"[0]"	1	"APC"	FALSE	2169	0	0	1	1	0	11306	107728
1913	2	12	25209874	"[25209874]"	"[0]"	1	"KRAS"	FALSE	2171	0	0	1	1	0	11306	107728
1915	2	5	112767220	"[112767220]"	"[0]"	1	"APC"	FALSE	2172	0	0	1	1	0	11306	107728
1917	1	5	112780868	"[112780868]"	"[0]"	1	"APC"	FALSE	2174	0	0	1	1	0	11306	107728
1919	1	5	112801303	"[112801303]"	"[0]"	1	"APC"	TRUE	2175	0	0	1	1	0	11306	107728
1921	2	12	25227290	"[25227290]"	"[0]"	1	"KRAS"	FALSE	2176	0	0	1	1	0	11306	107728
1923	1	5	112843319	"[112843319]"	"[0]"	1	"APC"	TRUE	2178	0	0	1	1	0	11306	107728
1925	1	17	7675117	"[7675117]"	"[0]"	1	"TP53"	TRUE	2179	0	0	1	1	0	11306	107728
1927	1	5	112837755	"[112837755]"	"[0]"	1	"APC"	FALSE	2180	0	0	1	1	0	11306	107728
1929	2	5	112821910	"[112821910]"	"[0]"	1	"APC"	FALSE	2185	0	0	1	1	0	11306	107728
1931	2	17	7669670	"[7669670]"	"[0]"	1	"TP53"	TRUE	2188	0	0	1	1	0	11306	107728
1933	1	3	179219653	"[179219653]"	"[0]"	1	"PIK3CA"	FALSE	2193	0	0	1	1	0	11306	107728
1935	2	17	7674954	"[7674954]"	"[0]"	1	"TP53"	TRUE	2194	0	0	1	1	0	11306	107728
1937	2	17	7673785	"[7673785]"	"[0]"	1	"TP53"	FALSE	2195	0	0	1	1	0	11306	107728
1939	1	12	25225695	"[25225695]"	"[0]"	1	"KRAS"	TRUE	1	0	0	1	2	0	11306	107728
1941	2	17	7674913	"[7674913]"	"[0]"	1	"TP53"	TRUE	2197	0	0	1	1	0	11306	107728
1943	1	5	112841851	"[112841851]"	"[0]"	1	"APC"	FALSE	2200	0	0	1	1	0	11306	107728
1945	1	3	179198873	"[179198873]"	"[0]"	1	"PIK3CA"	TRUE	2202	0	0	1	1	0	11306	107728
1947	2	5	112821917	"[112821917]"	"[0]"	1	"APC"	FALSE	2203	0	0	1	1	0	11306	107728
1949	2	5	112842035	"[112842035]"	"[0]"	1	"APC"	TRUE	2208	0	0	1	1	0	11306	107728
1951	2	5	112839468	"[112839468]"	"[0]"	1	"APC"	TRUE	2212	0	0	1	1	0	11306	107728
1953	1	5	112838246	"[112838246]"	"[0]"	1	"APC"	TRUE	2214	0	0	1	1	0	11306	107728
1955	1	5	112766396	"[112766396]"	"[0]"	1	"APC"	TRUE	2215	0	0	1	1	0	11306	107728
1957	2	3	179219662	"[179219662]"	"[0]"	1	"PIK3CA"	FALSE	2218	0	0	1	1	0	11306	107728
1959	1	5	112841605	"[112841605]"	"[0]"	1	"APC"	FALSE	2219	0	0	1	1	0	11306	107728
1961	1	12	25225695	"[25225695, 25225793]"	"[0, 98]"	2	"KRAS"	TRUE	1	0	0	1	1	0	11306	107728
1963	1	5	112843318	"[112843318]"	"[0]"	1	"APC"	FALSE	2223	0	0	1	1	0	11306	107728
1965	1	5	112841095	"[112841095]"	"[0]"	1	"APC"	TRUE	2224	0	0	1	1	0	11306	107728
1967	1	5	112842872	"[112842872]"	"[0]"	1	"APC"	TRUE	2228	0	0	1	1	0	11306	107728
1969	1	3	179219201	"[179219201]"	"[0]"	1	"PIK3CA"	TRUE	2229	0	0	1	1	0	11306	107728
1971	2	5	112821901	"[112821901]"	"[0]"	1	"APC"	TRUE	2230	0	0	1	1	0	11306	107728
1973	1	5	112835093	"[112835093]"	"[0]"	1	"APC"	TRUE	2232	0	0	1	1	0	11306	107728
1975	2	5	112843691	"[112843691]"	"[0]"	1	"APC"	TRUE	2235	0	0	1	1	0	11306	107728
1977	1	5	112838842	"[112838842]"	"[0]"	1	"APC"	FALSE	2239	0	0	1	1	0	11306	107728
1979	1	5	112840118	"[112840118]"	"[0]"	1	"APC"	FALSE	2243	0	0	1	1	0	11306	107728
1981	2	17	7675170	"[7675170]"	"[0]"	1	"TP53"	TRUE	2244	0	0	1	1	0	11306	107728
1983	2	3	179224114	"[179224114]"	"[0]"	1	"PIK3CA"	TRUE	2246	0	0	1	1	0	11306	107728
1985	2	5	112819259	"[112819259]"	"[0]"	1	"APC"	FALSE	2250	0	0	1	1	0	11306	107728
1987	1	5	112841334	"[112841334]"	"[0]"	1	"APC"	FALSE	2252	0	0	1	1	0	11306	107728
1989	1	5	112767370	"[112767370]"	"[0]"	1	"APC"	TRUE	2254	0	0	1	1	0	11306	107728
1991	2	5	112838200	"[112838200]"	"[0]"	1	"APC"	FALSE	2255	0	0	1	1	0	11306	107728
1993	1	5	112840226	"[112840226]"	"[0]"	1	"APC"	TRUE	2260	0	0	1	1	0	11306	107728
1995	2	5	112838125	"[112838125]"	"[0]"	1	"APC"	FALSE	2262	0	0	1	1	0	11306	107728
1997	1	3	179199791	"[179199791]"	"[0]"	1	"PIK3CA"	FALSE	2266	0	0	1	1	0	11306	107728
2001	2	5	112841714	"[112841714, 112844229]"	"[0, 2515]"	2	"APC"	FALSE	2267	0	0	1	1	0	11306	107728
2003	2	3	179198971	"[179198971]"	"[0]"	1	"PIK3CA"	TRUE	2274	0	0	1	1	0	11306	107728
2005	1	3	179226631	"[179226631]"	"[0]"	1	"PIK3CA"	FALSE	2276	0	0	1	1	0	11306	107728
2007	1	17	7676146	"[7676146]"	"[0]"	1	"TP53"	TRUE	2278	0	0	1	1	0	11306	107728
2009	1	5	112819183	"[112819183]"	"[0]"	1	"APC"	TRUE	2280	0	0	1	1	0	11306	107728
2011	2	5	112821939	"[112821939]"	"[0]"	1	"APC"	TRUE	2281	0	0	1	1	0	11306	107728
2013	2	5	112841030	"[112841030]"	"[0]"	1	"APC"	FALSE	2282	0	0	1	1	0	11306	107728
2015	2	5	112801284	"[112801284]"	"[0]"	1	"APC"	FALSE	2284	0	0	1	1	0	11306	107728
2017	2	5	112841594	"[112841594]"	"[0]"	1	"APC"	FALSE	2286	0	0	1	1	0	11306	107728
2019	2	17	7670660	"[7670660]"	"[0]"	1	"TP53"	FALSE	2288	0	0	1	1	0	11306	107728
2021	2	5	112843358	"[112843358]"	"[0]"	1	"APC"	FALSE	2290	0	0	1	1	0	11306	107728
2023	2	3	179210453	"[179210453]"	"[0]"	1	"PIK3CA"	FALSE	2291	0	0	1	1	0	11306	107728
2025	1	5	112843102	"[112843102]"	"[0]"	1	"APC"	TRUE	2293	0	0	1	1	0	11306	107728
2027	1	5	112819309	"[112819309]"	"[0]"	1	"APC"	FALSE	2294	0	0	1	1	0	11306	107728
2029	1	5	112837938	"[112837938]"	"[0]"	1	"APC"	FALSE	2297	0	0	1	1	0	11306	107728
2031	1	17	7676086	"[7676086]"	"[0]"	1	"TP53"	TRUE	2299	0	0	1	1	0	11306	107728
2033	1	5	112838624	"[112838624]"	"[0]"	1	"APC"	FALSE	2302	0	0	1	1	0	11306	107728
2035	2	5	112843731	"[112843731]"	"[0]"	1	"APC"	FALSE	2303	0	0	1	1	0	11306	107728
2037	1	5	112840919	"[112840919]"	"[0]"	1	"APC"	FALSE	2304	0	0	1	1	0	11306	107728
2039	2	5	112841484	"[112841484]"	"[0]"	1	"APC"	TRUE	2309	0	0	1	1	0	11306	107728
2041	2	3	179201516	"[179201516]"	"[0]"	1	"PIK3CA"	FALSE	2313	0	0	1	1	0	11306	107728
2043	1	5	112843779	"[112843779]"	"[0]"	1	"APC"	FALSE	2315	0	0	1	1	0	11306	107728
2045	2	5	112842839	"[112842839]"	"[0]"	1	"APC"	FALSE	2318	0	0	1	1	0	11306	107728
2047	2	3	179201459	"[179201459]"	"[0]"	1	"PIK3CA"	TRUE	2321	0	0	1	1	0	11306	107728
2049	1	12	25225695	"[25225695]"	"[0]"	1	"KRAS"	TRUE	1	0	0	1	2	0	11306	107728
2051	2	3	179210537	"[179210537]"	"[0]"	1	"PIK3CA"	FALSE	2337	0	0	1	1	0	11306	107728
2053	1	5	112780858	"[112780858]"	"[0]"	1	"APC"	FALSE	2339	0	0	1	1	0	11306	107728
2055	1	3	179229299	"[179229299]"	"[0]"	1	"PIK3CA"	TRUE	2340	0	0	1	1	0	11306	107728
2057	1	3	179231340	"[179231340]"	"[0]"	1	"PIK3CA"	TRUE	2342	0	0	1	1	0	11306	107728
2059	2	17	7675066	"[7675066]"	"[0]"	1	"TP53"	FALSE	2345	0	0	1	1	0	11306	107728
2061	1	5	112839081	"[112839081]"	"[0]"	1	"APC"	FALSE	2346	0	0	1	1	0	11306	107728
2063	2	3	179230771	"[179230771]"	"[0]"	1	"PIK3CA"	FALSE	2347	0	0	1	1	0	11306	107728
2065	2	5	112801371	"[112801371]"	"[0]"	1	"APC"	FALSE	2348	0	0	1	1	0	11306	107728
2067	1	3	179199121	"[179199121]"	"[0]"	1	"PIK3CA"	FALSE	2349	0	0	1	1	0	11306	107728
